2
3
-17
-74
-141
-195
-239
-265
-255
-209
-136
-54
12
57
106
173
229
245
225
184
124
40
-53
-134
-193
-240
-276
-292
-286
-259
-208
-140
-70
-2
80
166
219
225
204
162
88
-4
-80
-130
-185
-259
-319
-329
-290
-235
-184
-125
-46
41
119
177
215
231
217
164
74
-17
-81
-127
-193
-275
-317
-298
-259
-224
-168
-80
9
81
139
190
223
224
193
136
63
-8
-68
-121
-180
-241
-280
-280
-239
-179
-118
-56
21
103
164
206
243
268
241
154
55
-12
-59
-129
-229
-309
-325
-279
-214
-156
-97
-24
51
110
158
201
226
218
181
120
40
-42
-113
-179
-243
-282
-284
-271
-251
-205
-121
-17
69
123
161
197
219
205
152
72
-9
-72
-122
-183
-263
-329
-348
-319
-258
-183
-104
-26
33
66
100
153
199
199
150
84
25
-27
-84
-144
-203
-256
-293
-301
-259
-165
-57
18
61
109
174
226
236
204
145
71
-4
-76
-144
-208
-256
-277
-277
-263
-225
-158
-85
-31
23
106
196
239
227
187
136
75
-1
-87
-162
-227
-290
-337
-347
-315
-249
-164
-90
-40
10
84
156
184
166
119
57
-10
-72
-125
-171
-220
-273
-311
-318
-291
-233
-157
-89
-36
19
94
167
200
186
151
103
34
-44
-113
-176
-243
-306
-337
-328
-287
-229
-164
-95
-26
38
104
156
178
170
145
98
30
-42
-112
-181
-252
-307
-322
-294
-245
-193
-132
-52
33
103
149
177
189
171
115
40
-23
-77
-138
-205
-267
-307
-313
-296
-267
-218
-143
-60
7
67
131
189
223
224
180
95
-4
-92
-156
-209
-254
-286
-302
-304
-276
-215
-141
-71
0
72
135
182
209
194
126
39
-31
-91
-166
-254
-320
-343
-335
-314
-276
-210
-121
-44
7
73
160
214
197
143
99
59
-4
-84
-151
-202
-247
-287
-317
-317
-266
-182
-113
-68
-15
67
148
182
167
132
96
49
-11
-79
-149
-218
-277
-311
-316
-293
-236
-149
-56
18
75
126
161
164
149
127
84
13
-64
-130
-179
-226
-271
-298
-294
-259
-203
-136
-68
0
62
114
150
167
164
132
73
4
-55
-112
-176
-250
-315
-348
-344
-315
-270
-209
-133
-54
13
69
113
144
161
147
84
-4
-76
-124
-173
-237
-294
-309
-272
-214
-157
-92
-6
78
142
197
247
265
239
182
106
26
-44
-103
-163
-227
-274
-292
-287
-261
-203
-113
-16
61
118
169
205
205
163
103
47
-3
-63
-134
-203
-254
-277
-277
-256
-205
-123
-37
28
83
144
201
225
208
168
117
48
-36
-120
-186
-241
-289
-319
-330
-317
-267
-187
-108
-47
18
105
176
191
171
155
122
44
-65
-171
-253
-320
-386
-438
-450
-406
-324
-236
-156
-78
4
91
160
184
164
123
68
0
-78
-146
-199
-259
-331
-374
-351
-288
-231
-179
-112
-33
38
106
164
183
160
121
74
-1
-93
-162
-209
-265
-322
-342
-317
-272
-226
-175
-112
-35
37
91
130
151
138
93
27
-50
-127
-202
-282
-354
-386
-371
-338
-305
-258
-182
-83
4
66
121
180
220
216
172
105
34
-26
-77
-136
-203
-249
-255
-244
-229
-190
-124
-64
-27
17
84
133
119
54
-16
-85
-171
-275
-369
-434
-470
-481
-465
-426
-362
-279
-186
-98
-30
-4
-33
-89
-143
-216
-324
-413
-446
-446
-448
-473
-521
-546
-521
-472
-428
-372
-287
-198
-140
-107
-85
-72
-79
-114
-182
-262
-327
-371
-407
-444
-479
-486
-448
-385
-320
-250
-157
-58
21
85
145
196
218
197
136
56
-17
-78
-136
-198
-255
-278
-264
-231
-187
-126
-52
16
71
113
147
171
181
166
113
34
-44
-111
-177
-242
-290
-298
-268
-213
-146
-68
11
90
165
224
260
276
270
227
149
63
-10
-80
-160
-238
-281
-280
-245
-185
-113
-42
22
89
154
206
238
253
245
203
126
39
-34
-82
-124
-181
-233
-237
-196
-141
-80
-4
79
153
207
244
272
286
275
230
152
66
-1
-54
-117
-191
-240
-242
-215
-176
-117
-37
47
115
168
219
270
303
295
241
159
74
1
-62
-136
-208
-244
-233
-195
-145
-76
13
100
160
201
240
273
284
259
205
144
82
10
-65
-128
-178
-214
-222
-195
-137
-61
13
80
154
241
316
351
342
304
255
203
143
72
-1
-66
-110
-125
-113
-81
-24
58
147
218
276
334
384
405
392
354
293
207
112
30
-36
-88
-113
-112
-100
-67
4
104
196
263
322
392
448
462
431
383
338
285
208
118
36
-24
-55
-54
-36
-3
56
144
227
284
341
417
477
492
477
444
388
314
239
171
106
48
4
-20
-19
24
110
209
289
340
384
435
474
475
442
390
323
243
163
99
48
-3
-46
-55
-25
26
74
116
168
237
311
360
372
361
333
288
229
159
82
8
-58
-117
-155
-158
-130
-85
-30
39
109
160
195
233
266
276
244
172
85
7
-54
-114
-190
-266
-306
-300
-270
-225
-154
-67
9
70
134
197
229
219
181
124
51
-32
-110
-178
-241
-290
-313
-303
-266
-204
-126
-51
5
51
110
172
202
180
120
47
-21
-84
-153
-236
-319
-370
-379
-361
-310
-217
-104
-13
43
90
142
184
200
187
140
61
-22
-96
-170
-256
-337
-382
-388
-371
-323
-233
-128
-51
-8
39
111
167
163
118
73
37
-12
-75
-132
-186
-247
-300
-318
-298
-252
-189
-115
-40
32
103
165
201
201
170
129
81
13
-71
-155
-229
-293
-333
-337
-309
-259
-193
-119
-46
26
103
164
182
168
146
106
35
-44
-108
-164
-230
-294
-316
-293
-260
-225
-166
-81
4
79
145
188
200
196
181
137
64
-13
-83
-159
-247
-320
-347
-333
-305
-264
-195
-110
-38
22
95
174
215
202
153
96
39
-30
-115
-193
-249
-282
-294
-293
-278
-235
-157
-69
0
47
95
146
177
174
147
107
47
-35
-124
-202
-261
-300
-314
-299
-256
-195
-124
-53
7
70
139
196
221
211
167
88
-10
-105
-174
-226
-279
-325
-331
-285
-216
-149
-87
-30
26
92
158
192
176
142
111
59
-31
-124
-187
-232
-272
-298
-302
-283
-233
-161
-82
-8
57
118
169
193
186
160
117
48
-40
-124
-185
-234
-285
-322
-319
-281
-235
-187
-122
-42
31
96
156
192
188
154
100
22
-72
-153
-211
-258
-296
-313
-307
-275
-216
-155
-107
-58
4
75
131
159
166
152
106
36
-32
-90
-147
-216
-279
-307
-294
-257
-206
-146
-75
2
73
121
139
139
138
120
66
-13
-85
-138
-194
-267
-334
-359
-330
-266
-196
-134
-75
-13
46
95
134
162
174
153
90
2
-80
-149
-216
-286
-335
-340
-312
-278
-237
-170
-89
-21
23
65
107
131
115
64
4
-49
-98
-149
-209
-274
-318
-316
-283
-248
-212
-157
-80
-7
50
106
154
176
165
117
39
-37
-89
-139
-217
-296
-326
-309
-283
-251
-191
-108
-30
29
87
147
188
185
137
64
-10
-75
-130
-189
-258
-318
-339
-321
-296
-272
-221
-128
-29
42
97
149
180
168
124
64
-6
-79
-143
-203
-271
-332
-357
-344
-307
-246
-167
-90
-31
12
63
123
164
162
119
49
-37
-119
-180
-229
-283
-329
-341
-322
-278
-205
-114
-32
27
76
123
163
186
189
162
98
20
-43
-95
-154
-222
-272
-286
-266
-224
-167
-97
-21
47
105
164
217
240
224
181
113
30
-44
-107
-170
-233
-273
-283
-268
-234
-180
-115
-45
29
101
161
197
209
201
162
88
2
-65
-114
-171
-235
-277
-279
-253
-207
-141
-63
16
85
138
175
193
188
156
93
6
-82
-155
-214
-276
-335
-368
-366
-333
-275
-200
-118
-40
26
83
132
160
165
149
103
25
-60
-127
-184
-252
-318
-357
-357
-329
-286
-230
-159
-77
-8
43
96
141
153
119
53
-16
-78
-139
-207
-279
-339
-368
-368
-351
-319
-247
-141
-47
10
59
120
167
166
119
55
-5
-67
-138
-217
-295
-344
-350
-328
-292
-237
-161
-86
-31
14
72
129
150
126
76
17
-53
-135
-216
-284
-341
-380
-389
-368
-323
-251
-159
-63
19
88
154
213
239
219
171
121
71
6
-73
-156
-224
-262
-268
-258
-232
-172
-81
-1
39
61
82
86
59
9
-64
-164
-260
-326
-371
-415
-453
-465
-444
-403
-349
-276
-192
-140
-156
-216
-271
-317
-372
-408
-401
-396
-431
-482
-520
-559
-615
-663
-677
-657
-608
-532
-442
-363
-304
-252
-210
-190
-180
-173
-191
-249
-315
-354
-369
-391
-429
-449
-424
-362
-276
-174
-63
31
90
134
183
222
226
197
145
79
7
-54
-109
-175
-244
-281
-267
-218
-157
-98
-41
16
81
147
192
204
201
187
142
65
-16
-86
-152
-209
-239
-244
-238
-209
-139
-45
42
111
168
219
255
269
258
222
164
94
22
-43
-115
-198
-256
-257
-219
-172
-109
-22
72
146
192
227
260
278
268
226
163
97
34
-32
-100
-155
-184
-184
-166
-136
-90
-24
55
135
208
264
294
293
270
227
164
86
12
-50
-111
-166
-194
-181
-138
-89
-37
30
103
157
199
244
289
315
304
248
170
91
17
-55
-127
-192
-227
-212
-158
-96
-33
41
130
218
294
346
366
361
332
269
186
110
50
-1
-53
-103
-133
-126
-85
-24
52
135
211
264
299
324
342
346
322
263
182
102
41
-1
-44
-87
-105
-89
-52
0
69
153
236
309
373
428
448
424
372
307
237
171
107
41
-22
-61
-63
-40
-4
52
141
244
331
394
445
483
494
470
419
364
312
253
187
114
45
14
32
68
100
150
228
305
359
409
472
533
561
544
488
409
329
255
186
113
40
2
16
56
97
147
220
303
371
428
482
518
522
497
439
357
273
198
123
47
-11
-39
-41
-33
-9
44
120
194
254
310
369
412
418
386
328
254
169
91
26
-40
-110
-150
-146
-118
-83
-33
36
108
158
194
234
266
268
231
156
61
-14
-60
-105
-169
-228
-249
-236
-202
-153
-88
-10
68
131
183
224
236
214
170
111
47
-14
-82
-169
-260
-314
-316
-294
-265
-217
-141
-55
19
83
147
201
224
209
165
97
14
-62
-118
-170
-245
-315
-332
-298
-255
-213
-145
-50
32
87
132
179
207
190
133
63
-6
-80
-156
-224
-281
-319
-328
-309
-254
-169
-78
2
76
140
179
192
195
182
129
38
-56
-123
-167
-220
-290
-338
-337
-310
-276
-223
-143
-51
27
100
173
223
227
200
159
105
27
-65
-145
-209
-277
-333
-337
-284
-210
-141
-73
6
86
151
202
238
243
206
139
62
-12
-75
-131
-197
-273
-323
-323
-285
-230
-162
-76
10
78
130
179
212
209
174
118
45
-38
-109
-165
-224
-283
-308
-295
-266
-221
-145
-50
30
91
147
195
214
201
171
128
61
-24
-106
-182
-258
-314
-318
-278
-229
-181
-116
-43
18
76
146
211
243
231
180
104
25
-41
-104
-175
-244
-287
-292
-278
-253
-204
-127
-41
30
91
145
186
203
188
142
71
-6
-74
-134
-204
-278
-319
-312
-284
-253
-202
-120
-35
28
81
136
170
172
162
130
63
-7
-46
-85
-166
-258
-295
-275
-251
-232
-186
-114
-47
10
80
158
211
220
191
140
72
-9
-96
-173
-234
-278
-300
-303
-286
-236
-153
-65
-4
39
95
154
186
178
141
86
15
-63
-136
-202
-261
-311
-347
-360
-330
-260
-179
-111
-50
18
93
145
158
154
138
94
18
-66
-138
-200
-270
-337
-363
-344
-312
-273
-204
-111
-22
51
122
178
200
197
177
126
37
-65
-145
-197
-238
-279
-305
-297
-252
-184
-115
-57
-3
61
133
181
191
185
159
92
-4
-81
-125
-172
-248
-316
-332
-300
-253
-207
-145
-56
38
109
157
190
199
172
118
55
-11
-89
-173
-251
-313
-350
-354
-333
-289
-221
-138
-65
-8
60
148
209
208
171
127
71
-6
-92
-166
-229
-285
-324
-330
-305
-261
-207
-142
-77
-17
50
126
177
182
143
77
9
-58
-127
-195
-257
-311
-336
-321
-282
-234
-169
-92
-17
43
98
144
169
165
139
99
46
-26
-114
-193
-254
-295
-311
-301
-261
-192
-108
-27
37
88
140
190
219
214
174
109
34
-40
-107
-169
-228
-268
-273
-256
-226
-172
-94
-16
45
106
176
236
258
236
189
138
83
12
-69
-148
-218
-266
-284
-276
-246
-186
-112
-44
27
114
190
229
236
222
182
117
39
-43
-114
-164
-208
-255
-280
-261
-208
-145
-91
-49
-9
46
110
155
162
133
85
24
-60
-151
-212
-243
-276
-318
-340
-322
-261
-175
-95
-40
-1
43
88
107
94
76
63
26
-54
-150
-216
-261
-310
-358
-375
-337
-253
-156
-74
-14
40
109
172
194
181
157
115
40
-62
-165
-238
-281
-312
-338
-348
-323
-264
-196
-140
-88
-25
48
119
165
171
134
71
2
-75
-164
-243
-297
-339
-375
-381
-340
-271
-206
-152
-90
-8
86
158
179
159
121
69
-4
-96
-183
-249
-298
-335
-340
-309
-255
-188
-109
-21
67
148
218
259
254
213
159
93
9
-83
-161
-221
-278
-326
-349
-346
-334
-315
-267
-185
-101
-47
-15
12
35
43
20
-38
-104
-150
-186
-239
-315
-402
-487
-555
-588
-582
-530
-427
-292
-154
-37
37
63
55
14
-62
-156
-233
-296
-374
-461
-517
-530
-520
-496
-446
-368
-289
-233
-179
-109
-46
-17
-25
-56
-94
-126
-153
-191
-250
-303
-317
-297
-267
-231
-168
-72
21
77
121
184
236
239
203
154
97
26
-56
-135
-194
-229
-252
-260
-233
-165
-83
-7
70
148
211
245
249
232
202
148
64
-20
-82
-138
-209
-281
-315
-294
-237
-170
-101
-19
64
131
183
227
256
255
215
145
70
5
-56
-133
-212
-256
-252
-229
-200
-144
-60
20
74
117
175
244
289
283
227
153
92
38
-30
-105
-160
-184
-189
-186
-165
-111
-33
45
105
149
198
249
281
275
233
172
104
28
-52
-125
-178
-202
-202
-187
-149
-79
4
75
132
192
247
273
265
235
191
133
65
-8
-77
-134
-173
-194
-197
-177
-121
-30
65
136
188
251
316
350
350
330
287
216
127
37
-39
-108
-164
-195
-194
-159
-88
-1
66
108
148
214
292
343
345
318
287
248
187
111
34
-42
-117
-166
-168
-123
-49
26
88
147
223
312
380
404
392
360
308
237
157
95
62
31
-16
-56
-51
0
71
138
204
273
345
417
473
492
486
476
434
340
235
172
136
87
33
13
39
93
154
219
294
372
438
490
527
540
519
462
384
311
255
198
127
56
14
4
12
37
95
182
266
327
375
428
472
481
448
387
316
250
195
136
60
-18
-64
-72
-63
-40
12
91
166
220
269
324
358
350
313
260
192
121
53
-17
-97
-168
-205
-207
-192
-164
-107
-24
49
95
132
186
246
269
238
173
102
24
-60
-137
-194
-239
-274
-289
-268
-204
-121
-49
9
66
124
175
205
208
187
145
80
-6
-100
-179
-233
-269
-293
-298
-270
-209
-135
-64
4
71
132
182
212
209
170
110
37
-45
-122
-180
-231
-277
-296
-280
-238
-183
-120
-48
31
104
159
198
219
210
172
116
43
-45
-129
-196
-253
-300
-321
-311
-273
-212
-143
-80
-19
52
126
177
190
174
140
79
-13
-115
-190
-236
-282
-328
-340
-306
-248
-181
-109
-40
21
86
152
194
199
173
115
32
-44
-95
-139
-196
-255
-295
-308
-294
-250
-188
-122
-52
19
86
135
156
152
135
102
42
-40
-120
-179
-226
-281
-325
-330
-288
-218
-147
-80
-11
56
116
165
200
213
192
130
44
-41
-119
-185
-240
-276
-291
-290
-269
-218
-149
-76
0
74
135
176
192
191
174
131
62
-11
-78
-147
-221
-280
-300
-283
-247
-203
-149
-85
-16
52
125
190
219
205
167
110
35
-41
-107
-173
-245
-301
-318
-307
-282
-238
-167
-78
10
90
156
201
219
208
164
91
11
-60
-129
-199
-269
-323
-344
-334
-303
-247
-161
-60
26
86
132
172
198
197
156
74
-16
-80
-130
-208
-303
-354
-338
-292
-247
-195
-129
-60
0
53
99
141
174
178
136
56
-32
-109
-167
-214
-262
-300
-311
-290
-247
-192
-123
-40
36
92
132
163
173
150
97
35
-29
-102
-180
-251
-306
-334
-337
-318
-265
-170
-58
27
80
120
162
194
193
153
87
10
-62
-126
-183
-231
-269
-298
-311
-286
-212
-125
-62
-15
50
135
197
210
196
175
129
51
-35
-106
-166
-231
-290
-314
-298
-261
-218
-164
-87
2
74
116
142
166
178
157
99
21
-52
-116
-182
-255
-309
-321
-301
-263
-203
-119
-32
29
70
121
178
208
193
145
80
11
-54
-118
-188
-261
-308
-314
-290
-247
-188
-119
-50
9
57
103
149
178
169
120
54
-8
-73
-143
-211
-272
-313
-325
-315
-286
-225
-144
-74
-13
60
142
192
183
136
85
33
-37
-117
-185
-241
-297
-336
-346
-331
-283
-202
-119
-61
-7
71
159
211
211
185
147
82
-9
-92
-144
-185
-229
-263
-278
-271
-225
-139
-50
7
44
94
154
190
192
174
140
86
12
-66
-122
-157
-194
-234
-243
-200
-122
-40
32
97
159
217
258
273
268
242
183
98
12
-54
-110
-180
-253
-284
-259
-208
-157
-98
-20
64
136
193
234
253
248
212
147
71
4
-49
-101
-165
-232
-268
-262
-227
-180
-119
-36
54
132
186
215
220
203
162
96
15
-60
-127
-201
-274
-311
-308
-290
-267
-215
-126
-38
20
68
129
187
212
193
140
67
-11
-92
-171
-238
-279
-298
-307
-304
-274
-210
-123
-37
28
82
143
194
203
166
106
39
-32
-109
-183
-245
-290
-313
-321
-314
-277
-200
-104
-29
21
87
167
203
177
126
71
1
-85
-169
-233
-282
-322
-355
-373
-355
-292
-206
-127
-54
29
122
187
200
178
150
117
63
-17
-111
-194
-258
-302
-324
-320
-288
-225
-138
-56
-1
46
124
214
264
261
236
204
156
91
20
-54
-140
-226
-282
-290
-246
-166
-75
-1
52
99
138
146
116
65
8
-61
-148
-233
-296
-339
-376
-406
-405
-366
-302
-229
-158
-109
-105
-145
-203
-262
-312
-333
-329
-342
-391
-447
-487
-525
-578
-627
-642
-620
-571
-486
-376
-286
-234
-186
-130
-98
-104
-124
-147
-189
-249
-301
-336
-376
-426
-446
-407
-335
-267
-203
-118
-17
70
141
200
237
245
229
190
125
46
-25
-83
-140
-198
-237
-234
-186
-114
-42
29
103
167
221
265
291
296
280
235
159
67
-12
-70
-129
-197
-236
-223
-179
-128
-69
7
86
150
202
249
280
285
262
211
143
74
5
-68
-142
-201
-229
-222
-179
-114
-42
34
109
169
221
276
316
310
259
190
124
62
-5
-82
-157
-208
-218
-190
-139
-75
0
79
147
206
272
336
363
336
275
205
135
65
-1
-63
-124
-169
-182
-167
-139
-100
-41
37
114
176
231
282
309
292
234
161
92
31
-30
-101
-163
-186
-165
-126
-77
-11
69
143
204
271
348
403
407
376
327
260
183
116
61
-2
-69
-110
-121
-111
-75
-7
77
157
225
293
356
391
384
343
287
232
182
123
50
-23
-75
-96
-91
-67
-17
69
180
274
338
399
465
506
497
452
399
343
274
195
122
64
22
-3
-9
18
82
157
227
302
387
462
503
518
524
512
455
358
265
206
166
123
88
80
98
133
182
245
315
386
452
519
580
615
602
546
473
405
343
280
212
148
109
104
116
140
196
282
368
436
490
539
573
579
552
495
422
349
271
184
101
39
1
-17
-16
18
87
177
258
312
362
431
479
462
409
369
331
258
161
81
27
-18
-59
-81
-77
-45
13
82
140
188
249
317
347
326
284
241
183
98
3
-73
-128
-168
-200
-218
-204
-145
-59
20
76
121
180
244
280
275
243
190
115
28
-53
-120
-177
-230
-267
-272
-243
-185
-118
-56
10
94
178
231
248
252
234
164
61
-32
-96
-139
-183
-230
-261
-258
-230
-185
-120
-37
44
114
177
233
258
246
208
149
68
-16
-84
-143
-207
-263
-284
-276
-251
-201
-117
-19
57
112
161
203
221
206
171
127
74
8
-60
-123
-183
-237
-268
-264
-226
-155
-67
6
58
103
163
228
265
252
200
133
63
-9
-85
-157
-211
-233
-229
-216
-190
-133
-54
13
57
105
174
234
244
213
173
130
70
-6
-77
-137
-195
-234
-237
-211
-171
-115
-46
17
74
139
205
245
248
227
187
121
35
-53
-127
-185
-238
-281
-292
-257
-184
-91
-2
63
113
172
237
279
274
230
175
118
46
-41
-124
-191
-239
-263
-265
-241
-184
-109
-40
19
81
146
201
230
228
203
155
81
-6
-85
-147
-204
-253
-272
-254
-213
-165
-113
-49
31
117
188
227
235
222
188
129
48
-36
-104
-154
-201
-251
-283
-275
-231
-170
-102
-34
33
102
171
217
229
216
189
138
60
-26
-98
-153
-205
-255
-278
-258
-206
-146
-81
-10
60
131
197
232
223
201
178
121
27
-62
-122
-170
-231
-291
-313
-282
-230
-190
-143
-60
40
112
149
175
199
201
157
70
-20
-90
-150
-218
-282
-316
-308
-273
-227
-160
-64
32
97
137
178
218
239
227
177
97
8
-74
-146
-211
-271
-314
-329
-311
-251
-162
-73
-6
54
126
198
235
232
211
171
97
7
-68
-130
-193
-252
-286
-283
-244
-176
-90
-11
42
78
124
177
211
222
211
165
84
-11
-98
-164
-221
-279
-314
-301
-247
-187
-137
-83
-12
62
124
166
190
199
186
137
62
-8
-59
-112
-187
-254
-277
-259
-217
-156
-90
-26
42
110
162
197
219
217
172
88
-8
-86
-139
-193
-261
-316
-326
-295
-242
-178
-102
-13
72
141
192
226
238
223
178
109
31
-43
-113
-188
-262
-306
-310
-291
-255
-195
-112
-24
51
114
176
227
248
228
174
98
18
-52
-119
-190
-249
-271
-261
-237
-200
-139
-57
23
86
139
197
238
236
198
148
96
30
-49
-123
-185
-241
-280
-281
-236
-164
-96
-39
15
75
142
200
226
217
182
127
62
0
-62
-131
-196
-232
-238
-226
-196
-146
-87
-27
43
133
230
290
291
263
232
181
97
1
-71
-121
-168
-220
-255
-249
-200
-129
-49
31
101
156
206
248
263
249
221
180
118
41
-30
-90
-145
-193
-217
-206
-168
-119
-69
-19
35
108
199
268
281
257
231
192
116
16
-69
-128
-179
-225
-251
-240
-195
-131
-63
1
68
143
212
246
237
208
171
113
24
-69
-137
-182
-224
-258
-263
-245
-217
-173
-106
-35
24
81
136
170
174
157
120
59
-17
-86
-133
-170
-218
-266
-293
-283
-235
-170
-108
-50
20
99
155
172
164
139
95
31
-46
-113
-159
-211
-291
-357
-359
-302
-232
-171
-106
-32
39
100
143
160
156
141
108
46
-27
-89
-143
-207
-268
-290
-265
-214
-152
-84
-13
55
113
168
229
274
279
245
192
133
76
26
-26
-89
-142
-167
-170
-162
-134
-78
-4
64
120
165
197
212
193
119
1
-110
-195
-275
-362
-433
-463
-460
-439
-407
-345
-245
-128
-26
54
114
118
34
-101
-226
-333
-433
-502
-518
-505
-496
-500
-506
-498
-460
-393
-315
-245
-183
-120
-66
-46
-64
-102
-162
-253
-346
-403
-426
-444
-466
-474
-448
-390
-316
-229
-132
-46
26
101
178
233
252
230
177
108
43
-18
-86
-148
-192
-219
-233
-222
-173
-94
-11
55
116
189
264
304
298
259
208
157
97
17
-62
-115
-138
-160
-186
-180
-132
-72
-16
44
119
195
248
265
257
236
202
150
81
8
-59
-111
-143
-162
-166
-138
-77
-3
65
125
180
228
257
259
249
237
202
138
66
3
-54
-115
-170
-198
-190
-152
-91
-15
59
118
161
204
245
270
277
266
224
152
77
27
-10
-67
-134
-163
-141
-99
-58
3
94
182
246
288
305
300
285
248
178
92
23
-17
-47
-91
-140
-159
-135
-85
-22
49
127
199
259
307
338
350
341
297
220
129
52
-7
-66
-127
-167
-167
-133
-89
-47
2
69
143
208
257
290
308
300
254
182
116
59
-10
-95
-174
-219
-213
-162
-97
-34
35
106
164
213
251
278
303
317
296
234
152
72
0
-61
-99
-107
-93
-58
4
95
192
261
292
311
358
427
463
434
375
324
275
216
149
87
49
47
70
107
163
241
334
424
494
544
583
609
609
576
522
466
410
347
287
242
213
196
198
225
269
326
392
463
534
593
632
642
611
537
446
372
320
275
219
154
108
100
119
148
186
239
305
377
446
499
529
540
527
481
401
300
200
121
57
-1
-43
-57
-43
-4
56
129
208
283
344
385
408
416
404
363
291
202
117
45
-20
-80
-123
-138
-126
-93
-44
18
97
184
257
299
311
301
266
213
156
100
40
-18
-72
-121
-153
-150
-119
-75
-19
50
115
162
205
255
290
292
263
209
135
62
-2
-77
-167
-238
-259
-249
-229
-182
-100
-6
69
119
155
195
229
232
195
135
64
-16
-89
-152
-220
-285
-305
-272
-218
-159
-91
-20
35
85
142
193
211
201
171
120
57
-2
-60
-138
-227
-277
-269
-234
-199
-149
-68
23
91
136
188
246
272
251
202
147
83
8
-70
-142
-194
-219
-227
-229
-217
-177
-117
-50
24
114
199
244
237
202
158
102
32
-41
-105
-164
-220
-258
-271
-265
-234
-168
-91
-33
13
88
182
237
223
179
147
113
45
-38
-96
-134
-184
-238
-263
-246
-194
-117
-31
44
106
166
229
273
277
242
194
154
104
28
-54
-125
-185
-236
-266
-267
-224
-134
-25
72
158
235
286
295
281
261
225
155
62
-23
-84
-132
-179
-215
-221
-187
-122
-52
7
61
121
183
227
241
231
208
168
101
13
-68
-123
-159
-195
-229
-235
-197
-129
-56
5
57
115
183
239
259
249
229
188
107
9
-66
-112
-158
-217
-259
-258
-220
-164
-99
-24
52
126
201
265
301
298
254
171
65
-31
-101
-152
-200
-241
-254
-225
-166
-103
-40
28
101
172
230
256
247
224
192
136
59
-15
-77
-144
-218
-271
-281
-255
-213
-158
-82
7
88
146
187
218
229
208
154
82
5
-67
-132
-196
-259
-299
-295
-252
-188
-114
-35
36
93
140
175
186
177
153
107
36
-42
-108
-162
-220
-279
-308
-293
-260
-225
-174
-98
-21
41
97
142
160
154
133
104
65
15
-50
-130
-212
-269
-278
-256
-231
-197
-131
-38
41
97
150
200
222
206
162
102
39
-17
-66
-121
-191
-253
-278
-268
-235
-184
-116
-44
15
64
119
176
212
210
172
111
42
-25
-95
-170
-238
-279
-284
-257
-200
-120
-42
17
64
117
181
238
257
232
180
117
47
-28
-102
-165
-221
-267
-294
-286
-234
-150
-64
4
59
112
161
188
194
188
167
122
54
-27
-107
-173
-232
-282
-308
-293
-238
-162
-88
-22
48
131
205
247
254
234
187
115
32
-36
-85
-127
-171
-206
-215
-191
-136
-59
16
83
154
228
277
287
281
276
258
207
123
31
-46
-115
-175
-205
-195
-157
-101
-31
40
106
170
228
260
269
275
273
229
137
37
-39
-109
-185
-236
-237
-216
-192
-146
-77
-13
42
111
187
241
258
253
231
179
98
13
-54
-115
-184
-245
-274
-270
-238
-174
-92
-19
38
101
171
216
217
197
168
111
30
-44
-101
-161
-240
-312
-340
-314
-255
-195
-135
-64
19
99
156
183
196
200
172
106
28
-34
-88
-156
-231
-274
-276
-260
-234
-187
-122
-52
11
66
116
159
180
160
105
46
-8
-78
-168
-250
-308
-342
-340
-291
-210
-134
-79
-35
15
79
138
165
152
120
81
23
-61
-145
-201
-245
-300
-343
-343
-299
-230
-155
-86
-28
27
90
151
195
214
204
160
94
25
-35
-88
-141
-195
-230
-223
-186
-149
-116
-56
24
89
134
175
203
200
159
89
10
-62
-133
-213
-300
-364
-376
-337
-267
-186
-116
-62
-7
64
152
226
240
167
28
-128
-268
-381
-462
-510
-538
-549
-538
-518
-491
-436
-353
-281
-242
-195
-101
-1
43
21
-42
-130
-230
-325
-392
-425
-444
-460
-468
-451
-393
-284
-153
-51
11
67
136
196
221
213
184
134
67
4
-53
-115
-174
-218
-247
-255
-224
-157
-80
-11
53
127
198
242
249
231
198
153
92
15
-65
-137
-195
-233
-251
-242
-193
-109
-17
55
119
194
271
313
305
270
235
192
117
20
-60
-116
-158
-184
-187
-166
-112
-27
58
120
170
228
281
301
286
255
215
157
80
-6
-87
-157
-213
-243
-237
-192
-113
-24
42
84
132
201
259
276
272
261
216
129
37
-20
-57
-108
-172
-210
-203
-164
-106
-39
31
104
171
227
268
293
301
280
222
144
76
25
-32
-100
-150
-158
-138
-113
-78
-12
74
149
199
246
290
307
281
226
160
92
32
-22
-89
-158
-197
-191
-164
-128
-70
19
114
189
251
310
359
382
369
319
248
182
127
65
-13
-87
-125
-125
-103
-63
0
80
156
217
275
341
397
419
398
342
272
201
141
89
30
-29
-61
-58
-32
14
87
174
247
301
355
412
445
446
428
392
333
263
199
144
91
41
9
5
28
74
143
227
305
364
418
475
515
523
505
461
392
305
219
154
110
70
35
25
65
147
233
295
341
392
458
519
540
507
448
386
323
253
183
124
74
29
0
-1
27
85
155
227
291
351
412
462
476
451
412
364
285
185
96
25
-40
-97
-134
-146
-116
-50
26
98
165
232
300
340
333
303
265
204
117
32
-34
-95
-161
-221
-245
-220
-160
-91
-25
29
84
153
228
270
265
238
201
137
38
-62
-129
-178
-237
-285
-281
-233
-172
-117
-68
-20
27
83
138
172
179
165
127
62
-18
-92
-149
-198
-252
-297
-308
-275
-215
-150
-87
-23
43
111
171
205
206
177
125
54
-31
-119
-191
-244
-288
-321
-321
-277
-207
-138
-74
-12
40
91
142
174
180
166
127
56
-33
-113
-169
-220
-279
-326
-332
-292
-227
-154
-79
-5
65
132
180
196
185
154
103
31
-44
-110
-167
-226
-277
-302
-288
-238
-169
-105
-48
17
92
157
195
204
197
173
118
33
-54
-127
-191
-257
-319
-356
-357
-321
-259
-188
-114
-34
48
115
146
144
123
87
29
-42
-101
-138
-189
-269
-328
-320
-271
-227
-173
-87
5
79
137
185
209
209
189
145
76
-5
-84
-146
-199
-251
-290
-296
-267
-214
-153
-89
-16
63
139
190
207
201
186
148
75
-19
-104
-168
-227
-289
-333
-343
-313
-250
-177
-110
-45
25
98
156
178
166
136
91
23
-57
-124
-176
-236
-299
-334
-322
-281
-232
-176
-113
-48
18
89
149
176
169
134
70
-2
-50
-76
-116
-190
-268
-308
-301
-267
-213
-135
-46
28
80
127
170
193
187
150
82
6
-54
-103
-166
-236
-281
-291
-282
-261
-210
-126
-33
41
91
126
152
165
161
127
64
-5
-67
-126
-194
-260
-304
-324
-324
-297
-238
-158
-73
1
65
123
165
173
141
85
20
-43
-106
-167
-225
-277
-314
-320
-289
-241
-189
-121
-39
25
76
139
199
217
186
125
54
-12
-74
-142
-214
-273
-309
-320
-304
-258
-181
-93
-18
38
94
155
201
210
183
127
59
-10
-82
-159
-234
-289
-317
-325
-310
-263
-185
-94
-13
48
107
167
201
188
146
93
29
-49
-130
-203
-262
-300
-316
-319
-306
-257
-173
-83
-14
39
97
151
174
162
133
93
33
-46
-135
-222
-297
-349
-368
-350
-300
-234
-169
-105
-34
50
136
191
198
175
147
104
30
-57
-128
-182
-244
-307
-334
-314
-266
-208
-143
-71
6
76
130
165
186
188
156
84
-3
-71
-114
-168
-247
-312
-323
-290
-246
-196
-133
-57
15
85
148
190
203
186
139
65
-10
-71
-124
-190
-258
-290
-283
-267
-249
-199
-111
-23
34
84
145
197
211
178
112
40
-19
-68
-117
-177
-244
-284
-278
-243
-202
-144
-61
19
76
128
189
234
237
201
137
57
-18
-80
-136
-194
-246
-272
-270
-250
-212
-146
-65
-1
39
83
143
196
220
204
140
49
-31
-94
-151
-200
-228
-239
-242
-222
-165
-86
-12
51
113
174
219
231
202
142
71
3
-66
-146
-222
-278
-310
-328
-333
-315
-265
-188
-96
-8
61
116
160
173
147
95
36
-28
-96
-158
-213
-269
-316
-336
-326
-281
-202
-111
-43
5
56
110
149
155
136
100
44
-30
-113
-192
-266
-324
-347
-341
-324
-285
-214
-129
-57
-1
50
111
165
183
160
108
36
-49
-132
-203
-265
-316
-349
-359
-344
-301
-233
-154
-79
-11
56
114
144
139
116
81
27
-47
-129
-199
-254
-295
-318
-323
-304
-251
-172
-93
-24
45
126
201
243
248
225
173
102
31
-30
-92
-171
-255
-307
-305
-259
-200
-149
-97
-32
28
57
48
22
-5
-48
-121
-209
-285
-331
-356
-385
-421
-441
-427
-386
-331
-285
-270
-297
-347
-383
-398
-400
-377
-338
-326
-364
-422
-471
-513
-554
-590
-608
-599
-552
-480
-406
-340
-279
-227
-183
-147
-129
-131
-149
-192
-258
-313
-334
-349
-390
-422
-401
-347
-298
-248
-171
-74
8
67
121
176
211
202
158
102
42
-28
-98
-159
-213
-257
-277
-265
-219
-148
-73
-6
58
127
190
230
242
231
184
101
19
-37
-83
-146
-226
-285
-291
-259
-212
-144
-48
40
92
128
178
230
251
229
173
97
21
-36
-79
-130
-190
-227
-226
-208
-185
-140
-64
10
64
114
167
203
206
178
131
83
44
9
-34
-98
-170
-212
-213
-188
-142
-68
23
104
165
221
270
294
289
260
206
131
51
-16
-75
-139
-191
-200
-170
-133
-93
-35
36
101
157
217
270
289
272
230
176
118
54
-20
-102
-169
-204
-214
-215
-198
-141
-55
26
90
145
206
265
298
288
248
201
151
88
12
-70
-146
-193
-200
-178
-131
-54
33
114
183
250
311
356
368
346
302
249
186
113
43
-16
-66
-103
-121
-114
-71
7
97
174
235
293
351
387
386
354
312
260
192
114
56
18
-20
-61
-75
-45
10
73
133
195
266
344
407
438
447
439
397
319
234
170
121
66
15
2
31
73
112
161
231
310
378
424
450
458
453
433
385
320
262
208
139
60
4
-11
-1
22
76
165
256
315
355
413
482
523
523
486
415
326
242
180
123
54
-6
-25
-10
20
60
108
166
231
290
336
371
389
374
321
244
170
112
51
-25
-106
-163
-185
-185
-166
-121
-44
45
119
173
216
241
242
227
200
155
87
7
-68
-140
-209
-262
-282
-266
-213
-129
-39
25
67
116
178
222
226
203
166
110
34
-50
-135
-215
-278
-315
-326
-309
-258
-179
-86
-5
47
87
134
174
183
163
122
68
0
-75
-145
-202
-252
-291
-305
-285
-236
-170
-103
-41
18
80
128
140
125
110
85
24
-59
-136
-196
-248
-295
-326
-333
-309
-252
-172
-83
3
79
137
174
186
171
139
105
61
-7
-91
-166
-225
-274
-310
-323
-303
-248
-176
-106
-33
46
121
166
173
149
107
54
-9
-80
-140
-176
-207
-249
-280
-273
-232
-181
-130
-72
-6
61
117
141
138
124
101
60
5
-50
-103
-160
-222
-267
-276
-253
-210
-161
-109
-47
30
108
167
202
212
195
145
67
-18
-92
-151
-208
-265
-310
-322
-298
-256
-208
-144
-68
0
56
108
151
168
150
102
39
-28
-94
-155
-214
-269
-298
-293
-277
-257
-205
-117
-24
46
99
142
173
185
164
110
44
-21
-95
-181
-261
-311
-324
-312
-288
-247
-178
-93
-21
31
91
162
209
208
171
121
63
-8
-90
-162
-214
-244
-258
-261
-247
-203
-139
-77
-21
42
108
155
171
169
147
88
3
-76
-139
-198
-259
-306
-324
-310
-269
-209
-141
-70
-1
63
119
160
186
196
171
107
30
-28
-74
-130
-202
-257
-278
-281
-271
-225
-147
-74
-24
28
94
143
142
107
69
34
-13
-75
-139
-191
-230
-264
-296
-310
-283
-209
-117
-48
-5
51
131
185
182
148
113
67
-4
-82
-146
-200
-251
-285
-297
-288
-255
-191
-117
-61
-16
41
106
137
132
119
102
56
-10
-67
-116
-174
-235
-279
-302
-299
-264
-204
-134
-65
3
62
105
136
157
155
119
51
-33
-113
-174
-234
-297
-333
-326
-300
-271
-219
-131
-39
29
85
135
175
194
177
123
50
-23
-89
-144
-196
-251
-292
-303
-284
-238
-161
-72
-7
25
65
123
160
152
120
81
27
-40
-104
-159
-211
-257
-290
-302
-283
-229
-155
-87
-32
25
88
133
140
128
118
96
38
-50
-132
-184
-223
-269
-304
-300
-253
-184
-119
-66
-18
32
92
148
177
170
136
84
15
-58
-122
-167
-202
-238
-271
-282
-257
-197
-123
-56
-2
54
121
173
181
152
110
56
-21
-106
-154
-166
-182
-223
-262
-261
-210
-133
-60
-1
50
112
174
207
208
196
169
110
27
-50
-105
-149
-196
-233
-245
-229
-186
-129
-68
-6
55
115
165
195
202
183
135
72
9
-47
-103
-158
-203
-221
-213
-185
-144
-97
-42
22
91
151
192
209
203
180
141
90
22
-56
-131
-194
-239
-258
-253
-238
-212
-163
-97
-36
12
63
114
140
123
77
25
-29
-94
-159
-206
-233
-252
-269
-278
-264
-221
-159
-93
-25
47
119
165
168
149
130
98
29
-58
-130
-186
-242
-289
-303
-286
-256
-221
-172
-110
-45
17
73
110
118
103
65
0
-75
-137
-183
-232
-285
-324
-332
-312
-280
-235
-167
-91
-32
13
71
135
173
161
103
30
-30
-89
-156
-223
-273
-295
-294
-282
-262
-220
-154
-84
-33
5
53
102
133
133
106
68
27
-10
-48
-87
-120
-130
-117
-95
-69
-42
-9
33
81
128
171
198
199
171
112
30
-59
-151
-241
-326
-396
-449
-486
-496
-461
-384
-293
-209
-140
-72
-1
45
42
2
-60
-165
-325
-508
-667
-787
-857
-857
-800
-717
-614
-501
-406
-333
-255
-173
-126
-121
-122
-122
-156
-235
-331
-420
-494
-548
-582
-593
-572
-513
-431
-341
-242
-136
-33
55
112
134
134
118
80
21
-45
-106
-161
-216
-264
-285
-272
-229
-167
-97
-28
37
103
161
198
211
206
179
116
21
-74
-137
-176
-228
-290
-312
-269
-192
-109
-25
57
123
168
204
235
259
266
243
191
126
60
0
-64
-130
-171
-173
-152
-122
-77
-11
62
126
180
227
260
274
263
227
164
88
18
-31
-83
-148
-193
-191
-161
-125
-70
8
83
134
171
206
232
233
208
167
118
67
20
-24
-81
-137
-155
-132
-99
-68
-22
43
114
173
218
255
281
285
257
205
146
84
18
-42
-91
-126
-146
-148
-125
-75
-6
65
125
178
240
303
335
320
275
222
160
79
-3
-63
-100
-129
-154
-157
-125
-64
12
94
168
233
293
337
342
314
275
234
181
113
54
17
-13
-56
-92
-91
-41
34
107
169
230
295
354
390
393
373
339
288
216
139
81
44
7
-33
-56
-39
15
76
132
193
265
337
392
412
403
387
369
332
272
214
171
129
74
27
18
47
95
151
216
283
343
400
451
489
509
499
449
380
320
272
212
133
71
52
67
88
115
164
239
319
385
442
494
531
536
505
447
381
315
251
184
110
46
19
29
59
106
174
246
298
338
383
424
439
429
401
355
290
218
149
82
22
-19
-42
-51
-35
10
67
112
152
202
267
322
335
309
270
223
158
81
0
-75
-141
-187
-209
-210
-180
-112
-29
37
88
152
228
275
276
255
223
168
90
10
-55
-111
-166
-209
-233
-237
-214
-160
-89
-24
29
91
160
204
210
196
167
113
40
-29
-86
-144
-203
-245
-256
-240
-198
-132
-59
4
65
133
200
243
253
239
202
134
46
-32
-84
-128
-187
-246
-269
-250
-211
-162
-103
-34
34
95
150
197
217
193
139
77
14
-50
-120
-191
-247
-270
-264
-244
-200
-123
-35
34
78
121
171
208
211
180
120
50
-9
-61
-120
-185
-231
-242
-239
-228
-179
-92
-7
52
103
164
226
256
242
202
147
79
5
-58
-116
-174
-216
-228
-217
-194
-150
-76
5
71
125
184
236
255
236
192
133
65
-7
-86
-164
-229
-267
-275
-264
-241
-190
-108
-29
17
54
109
165
185
163
126
92
52
-3
-63
-118
-163
-193
-210
-209
-181
-122
-54
-4
35
95
174
231
239
212
171
112
31
-51
-112
-153
-193
-233
-256
-251
-218
-158
-75
10
76
134
197
235
218
167
117
78
25
-51
-124
-175
-221
-265
-282
-251
-189
-118
-46
18
71
124
186
232
237
208
164
103
22
-55
-104
-140
-193
-249
-261
-221
-164
-110
-51
21
99
172
219
231
218
194
155
87
0
-79
-140
-191
-241
-281
-297
-271
-205
-131
-66
-3
60
113
148
167
169
144
87
9
-67
-134
-197
-251
-280
-274
-247
-211
-163
-99
-20
59
124
171
207
232
233
194
117
31
-37
-90
-147
-216
-270
-276
-242
-203
-165
-111
-45
13
66
127
182
195
163
113
65
15
-46
-118
-184
-229
-251
-255
-239
-192
-121
-49
3
47
108
186
235
227
187
146
100
26
-65
-139
-191
-232
-261
-268
-251
-204
-130
-49
13
56
99
150
195
211
196
161
106
23
-70
-144
-197
-239
-266
-275
-260
-211
-137
-62
2
63
123
173
196
194
174
133
65
-11
-73
-118
-167
-225
-269
-278
-255
-216
-171
-113
-46
18
76
116
128
121
108
76
15
-55
-112
-151
-186
-225
-256
-260
-228
-176
-122
-58
20
96
153
186
192
175
146
103
37
-37
-96
-141
-194
-248
-277
-264
-224
-174
-115
-39
45
118
166
196
206
193
154
97
31
-29
-83
-136
-194
-244
-259
-237
-194
-135
-57
29
105
162
204
237
260
258
214
129
38
-25
-71
-128
-189
-218
-210
-192
-171
-129
-57
16
69
113
167
213
224
204
166
121
76
24
-49
-132
-197
-232
-245
-232
-177
-85
1
56
100
161
224
252
237
201
156
90
2
-89
-163
-221
-274
-310
-304
-265
-212
-156
-95
-27
44
111
159
178
162
120
64
0
-67
-126
-177
-241
-303
-328
-312
-276
-226
-154
-78
-21
21
79
147
188
183
142
80
14
-41
-95
-162
-239
-295
-309
-291
-267
-240
-193
-125
-61
-11
44
110
152
144
97
40
-11
-59
-109
-171
-239
-287
-297
-278
-241
-187
-119
-55
-10
28
80
138
170
152
100
43
-13
-83
-158
-221
-268
-300
-318
-313
-275
-210
-145
-84
-13
68
140
183
198
198
180
135
67
1
-50
-99
-150
-187
-199
-198
-189
-155
-98
-34
26
85
136
158
134
72
-11
-100
-178
-245
-319
-400
-456
-467
-444
-408
-357
-279
-177
-82
-16
21
18
-40
-135
-236
-340
-434
-479
-473
-463
-483
-517
-529
-504
-450
-387
-324
-257
-192
-137
-89
-53
-46
-78
-138
-207
-273
-331
-381
-430
-485
-525
-514
-456
-379
-289
-180
-71
10
71
138
202
229
215
183
141
82
4
-72
-134
-185
-227
-254
-252
-218
-157
-79
0
72
137
201
246
253
233
200
147
69
-10
-73
-130
-200
-261
-275
-249
-210
-154
-64
40
117
163
215
278
314
302
255
190
118
50
-11
-74
-135
-172
-179
-165
-134
-84
-25
32
89
154
227
282
297
270
223
170
115
51
-15
-77
-122
-141
-141
-138
-117
-53
41
120
171
226
298
353
351
303
244
192
135
62
-17
-96
-158
-186
-184
-162
-114
-36
53
128
177
221
275
320
323
281
217
150
82
2
-85
-157
-192
-190
-172
-143
-86
3
95
167
226
290
346
370
359
326
281
222
143
58
-7
-52
-89
-118
-123
-90
-19
59
126
189
261
330
372
375
363
345
301
225
142
81
39
-2
-38
-49
-35
-6
41
105
175
241
307
363
394
406
408
392
344
276
212
164
119
64
12
-6
17
63
122
201
294
372
418
446
476
509
523
494
420
330
255
201
150
92
53
47
57
85
150
245
336
399
446
494
538
549
521
469
406
335
265
202
145
106
96
107
131
174
242
318
376
418
466
527
572
573
534
478
414
338
252
168
83
8
-32
-38
-23
20
99
190
269
337
397
439
450
437
406
359
299
231
159
89
22
-32
-62
-67
-54
-24
31
105
176
238
299
350
366
342
293
228
150
69
-4
-63
-104
-125
-136
-144
-133
-89
-32
16
65
131
205
250
255
243
217
163
86
8
-56
-112
-161
-202
-232
-235
-197
-133
-70
-13
48
123
194
236
239
218
183
121
33
-53
-112
-150
-200
-268
-316
-302
-234
-154
-81
-10
59
115
155
183
196
192
157
82
-14
-88
-130
-172
-225
-264
-268
-241
-194
-139
-79
-16
44
99
154
202
228
218
166
87
13
-48
-112
-188
-255
-290
-289
-259
-206
-134
-52
16
67
122
184
224
226
196
141
74
12
-43
-106
-175
-228
-247
-240
-223
-192
-135
-57
20
86
149
208
236
225
192
149
85
-4
-90
-150
-198
-239
-255
-253
-238
-192
-114
-40
19
89
174
233
243
220
189
145
78
0
-71
-136
-201
-256
-287
-290
-257
-192
-116
-44
27
105
170
205
207
184
146
96
32
-45
-117
-162
-191
-220
-242
-230
-175
-102
-42
6
68
146
213
247
247
231
196
126
26
-64
-123
-169
-220
-258
-260
-233
-191
-140
-84
-27
32
102
172
215
227
218
176
98
2
-85
-152
-202
-244
-279
-288
-255
-190
-120
-59
-2
62
137
197
214
209
198
159
81
-6
-75
-128
-178
-229
-264
-269
-245
-199
-136
-62
12
84
150
202
232
240
219
155
68
1
-44
-106
-197
-273
-298
-287
-265
-222
-147
-56
15
62
114
179
222
214
168
111
45
-34
-115
-173
-210
-240
-262
-267
-243
-181
-97
-35
0
52
145
221
231
197
156
98
16
-65
-132
-191
-246
-288
-306
-298
-262
-210
-159
-99
-14
76
139
168
177
180
172
124
31
-61
-116
-158
-220
-276
-286
-258
-224
-184
-117
-34
33
77
113
146
169
168
130
59
-17
-82
-150
-232
-298
-321
-314
-296
-261
-191
-88
15
85
124
162
206
233
213
139
47
-28
-87
-146
-216
-287
-326
-311
-268
-224
-168
-85
-6
46
90
135
163
164
145
119
85
35
-32
-109
-184
-241
-268
-264
-237
-183
-108
-36
18
66
120
173
205
208
182
123
40
-48
-121
-170
-210
-258
-300
-304
-267
-205
-138
-76
-19
45
120
173
184
165
125
52
-43
-121
-162
-196
-250
-303
-321
-311
-287
-242
-168
-81
0
70
139
205
246
240
191
119
45
-23
-92
-155
-197
-214
-221
-232
-233
-193
-109
-19
39
79
136
206
248
245
210
152
80
8
-54
-106
-156
-205
-236
-227
-172
-98
-31
23
76
133
192
233
237
216
187
144
77
3
-60
-119
-186
-244
-264
-236
-178
-112
-46
22
90
149
194
220
227
220
186
120
39
-39
-112
-182
-246
-291
-301
-275
-222
-156
-89
-23
36
91
142
180
187
155
92
19
-49
-120
-198
-269
-320
-349
-361
-349
-293
-194
-90
-27
6
64
142
184
169
132
95
43
-28
-100
-165
-235
-303
-343
-353
-341
-304
-238
-155
-80
-23
28
73
93
88
75
43
-22
-109
-178
-216
-250
-296
-329
-328
-297
-242
-168
-93
-29
39
117
178
194
169
127
76
10
-66
-136
-191
-243
-290
-316
-307
-268
-212
-149
-80
-13
51
116
170
198
205
193
155
89
18
-39
-88
-143
-195
-218
-206
-174
-139
-100
-49
12
76
133
170
176
153
93
-11
-135
-228
-284
-352
-447
-514
-515
-464
-399
-328
-237
-129
-42
3
27
31
-22
-151
-318
-471
-590
-664
-689
-694
-700
-696
-671
-632
-575
-491
-393
-311
-251
-190
-118
-60
-47
-88
-162
-239
-305
-361
-414
-459
-484
-485
-463
-417
-339
-234
-119
-16
61
128
198
249
251
205
140
86
40
-18
-90
-152
-190
-210
-216
-198
-148
-77
-8
53
116
180
231
250
229
176
115
67
31
-12
-74
-144
-192
-201
-192
-178
-136
-60
22
83
134
202
269
288
250
188
122
55
-5
-60
-116
-170
-207
-225
-233
-215
-150
-55
31
94
150
219
278
295
266
219
175
129
67
-10
-86
-143
-180
-191
-175
-137
-89
-40
11
71
146
231
292
303
284
255
203
124
46
-10
-62
-119
-166
-184
-164
-106
-27
45
107
167
233
290
319
316
287
243
189
123
56
0
-55
-120
-168
-172
-138
-81
-9
66
135
193
248
295
323
333
326
293
235
168
102
41
-16
-70
-105
-100
-63
-18
32
103
178
238
290
342
385
407
381
297
202
141
97
36
-37
-95
-115
-106
-81
-36
38
129
208
271
336
397
430
436
413
344
237
137
71
28
-17
-51
-42
3
57
113
190
274
341
401
471
530
545
515
464
401
333
270
214
160
108
69
51
57
86
140
217
307
391
465
523
553
551
534
500
434
349
280
237
192
130
87
88
114
147
199
271
343
404
457
511
555
573
554
502
433
366
305
238
161
96
68
65
61
64
101
173
249
305
347
395
438
453
433
381
308
229
153
79
3
-60
-93
-93
-73
-39
7
63
131
205
267
306
322
316
292
248
182
105
45
8
-39
-113
-170
-171
-133
-90
-45
14
83
146
194
223
233
234
226
182
101
20
-42
-100
-162
-213
-236
-233
-207
-163
-99
-17
61
112
148
191
223
214
166
112
63
7
-59
-129
-198
-258
-287
-283
-253
-197
-114
-23
47
89
128
179
215
211
173
126
72
-4
-94
-163
-201
-229
-254
-259
-230
-167
-85
-4
69
138
195
227
233
220
187
125
43
-32
-85
-128
-185
-249
-282
-260
-194
-124
-68
-11
61
142
206
233
232
221
191
132
62
4
-40
-98
-169
-217
-216
-189
-160
-122
-59
18
97
177
246
280
278
255
213
151
85
30
-28
-107
-185
-220
-212
-182
-141
-83
-6
70
129
169
202
222
213
172
110
42
-17
-67
-117
-187
-269
-327
-329
-282
-213
-132
-40
41
92
125
158
181
175
137
85
35
-24
-101
-173
-221
-251
-278
-305
-299
-235
-135
-39
34
91
148
196
210
180
127
69
8
-59
-130
-198
-256
-286
-289
-273
-230
-157
-79
-21
22
74
128
157
155
142
116
55
-33
-110
-157
-199
-252
-296
-313
-293
-241
-178
-116
-46
29
91
135
162
167
145
98
35
-32
-91
-133
-178
-238
-286
-294
-278
-255
-211
-138
-56
16
83
146
188
194
160
102
44
-6
-65
-138
-207
-256
-281
-292
-283
-239
-159
-64
20
91
163
235
280
277
242
199
151
83
-6
-101
-184
-234
-250
-253
-245
-209
-152
-109
-94
-90
-72
-40
-21
-37
-83
-132
-188
-257
-323
-367
-392
-408
-422
-430
-421
-402
-401
-435
-475
-483
-450
-397
-349
-295
-227
-187
-216
-288
-344
-377
-422
-473
-497
-486
-456
-410
-350
-287
-235
-191
-141
-83
-37
-26
-52
-94
-142
-193
-231
-250
-261
-271
-274
-261
-220
-154
-87
-36
9
72
142
186
197
194
184
146
73
-12
-83
-133
-180
-223
-241
-224
-185
-137
-88
-35
29
108
181
228
249
250
220
153
79
21
-26
-87
-156
-202
-204
-180
-144
-92
-22
49
107
155
205
250
266
248
214
171
112
41
-21
-76
-130
-174
-189
-170
-118
-40
34
88
134
187
233
254
250
229
192
147
96
35
-35
-99
-139
-161
-173
-162
-111
-39
13
46
96
177
251
283
282
266
230
159
67
-10
-59
-100
-141
-167
-164
-128
-64
4
60
113
177
247
295
305
291
268
227
161
92
45
3
-62
-132
-161
-143
-106
-60
2
75
146
205
258
312
353
356
313
242
168
109
61
2
-69
-120
-131
-121
-90
-19
78
164
223
266
308
351
382
375
332
278
223
169
118
64
11
-24
-41
-44
-21
35
113
180
224
273
336
385
398
384
351
304
243
176
118
89
81
68
51
55
90
145
203
251
299
366
438
482
485
469
452
419
353
273
207
158
120
92
78
95
151
222
283
340
404
466
503
504
477
435
379
313
251
207
180
158
130
105
100
112
130
159
203
259
319
375
415
438
439
414
370
323
274
214
142
72
24
2
-4
-5
13
65
136
190
216
235
260
280
274
234
182
148
127
90
31
-24
-56
-64
-59
-47
-20
23
72
110
137
167
201
214
197
165
132
91
24
-56
-124
-164
-187
-200
-199
-171
-114
-55
-13
26
85
143
162
153
147
140
106
51
4
-31
-83
-157
-217
-229
-200
-152
-105
-59
-8
44
86
108
108
87
56
18
-20
-48
-66
-87
-124
-176
-222
-235
-213
-172
-128
-71
4
72
115
147
174
189
187
156
99
40
-9
-66
-130
-176
-191
-188
-185
-170
-133
-75
-11
48
103
151
181
174
132
79
29
-17
-65
-122
-184
-226
-229
-209
-191
-166
-114
-46
13
62
115
164
181
159
125
91
50
-7
-75
-139
-195
-237
-253
-247
-226
-189
-130
-64
-17
19
75
139
166
143
106
85
65
13
-56
-110
-148
-176
-191
-194
-183
-144
-80
-16
29
64
105
144
154
132
101
70
28
-30
-93
-140
-165
-178
-184
-177
-146
-97
-50
-14
23
74
120
141
146
156
162
132
66
1
-42
-83
-140
-187
-193
-170
-148
-140
-132
-94
-23
51
95
102
89
73
50
7
-49
-93
-120
-151
-185
-196
-188
-181
-166
-124
-63
0
51
84
97
107
113
91
32
-26
-56
-73
-108
-161
-205
-220
-204
-166
-116
-59
-5
30
48
